%YAML:1.0
---
cameraMatrix: !!opencv-matrix
   rows: 3
   cols: 3
   dt: d
   data: [ 1.0518829707702673e+03, 0., 9.6814044253290456e+02, 0.,
       1.0526397682261108e+03, 5.2929636414395850e+02, 0., 0., 1. ]
distortionCoefficients: !!opencv-matrix
   rows: 1
   cols: 5
   dt: d
   data: [ 3.7427275217568563e-02, -7.9305019452328415e-02,
       -4.0317732615202315e-03, 5.4369150207892623e-03,
       2.0107368972482442e-02 ]
rotation: !!opencv-matrix
   rows: 3
   cols: 3
   dt: d
   data: [ 1., 0., 0., 0., 1., 0., 0., 0., 1. ]
projection: !!opencv-matrix
   rows: 4
   cols: 4
   dt: d
   data: [ 1.0518829707702673e+03, 0., 9.6814044253290456e+02, 0., 0.,
       1.0526397682261108e+03, 5.2929636414395850e+02, 0., 0., 0., 1.,
       0., 0., 0., 0., 1. ]
