%YAML:1.0
---
rotation: !!opencv-matrix
   rows: 3
   cols: 3
   dt: d
   data: [ 9.9996101632419720e-01, -7.9263494865560065e-03,
       -3.8908631042127175e-03, 7.9291314024177890e-03,
       9.9996831887806459e-01, 7.0008240984730733e-04,
       3.8851907394544445e-03, -7.3090628288369935e-04,
       9.9999218550392865e-01 ]
translation: !!opencv-matrix
   rows: 3
   cols: 1
   dt: d
   data: [ -5.1728661077978980e-02, -2.3993318789251841e-03,
       -2.1435836194826991e-02 ]
essential: !!opencv-matrix
   rows: 3
   cols: 3
   dt: d
   data: [ 1.6064569991260856e-04, 2.1436910770231743e-02,
       -2.3843062774952756e-03, -2.1234024832153666e-02,
       1.3209912582970928e-04, 5.1811660748718603e-02,
       1.9890749931906425e-03, -5.1746040198966413e-02,
       -4.5549797588117514e-05 ]
fundamental: !!opencv-matrix
   rows: 3
   cols: 3
   dt: d
   data: [ 6.4111022590480787e-08, 8.5368408642890518e-06,
       -2.0671762403286350e-03, -8.4680530627415626e-06,
       5.2568136277380111e-08, 9.6560486824620855e-03,
       5.2550329663538474e-03, -2.9968704432269833e-02, 1. ]
