%YAML:1.0
---
cameraMatrix: !!opencv-matrix
   rows: 3
   cols: 3
   dt: d
   data: [ 3.6264792767053456e+02, 0., 2.5665990762074318e+02, 0.,
       3.6342417523467481e+02, 1.9979857281753362e+02, 0., 0., 1. ]
distortionCoefficients: !!opencv-matrix
   rows: 1
   cols: 5
   dt: d
   data: [ 1.3428747755363851e-01, -6.1742822700811573e-01,
       -6.5100753852882186e-03, 6.1419482430701330e-03,
       1.4923226095663800e+00 ]
rotation: !!opencv-matrix
   rows: 3
   cols: 3
   dt: d
   data: [ 1., 0., 0., 0., 1., 0., 0., 0., 1. ]
projection: !!opencv-matrix
   rows: 4
   cols: 4
   dt: d
   data: [ 3.6264792767053456e+02, 0., 2.5665990762074318e+02, 0., 0.,
       3.6342417523467481e+02, 1.9979857281753362e+02, 0., 0., 0., 1.,
       0., 0., 0., 0., 1. ]
