%YAML:1.0
---
depthShift: -1.0916183671179239e+01
